#          PMRA      PMDEC        PX             RAJD            DECJD            F0          F1          DM
1        19.300    -19.700         *       3.57395833      47.77594444      0.805997  -3.667e-16       30.41
2       -12.631     -5.809     0.900       5.82032559       9.38996257    327.847021  -1.228e-15       14.33
3         4.200     -2.900         *       6.03400625     -72.07988944    269.931798  -7.155e-16       24.37
4         5.200     -3.100         *       5.95981083     -72.07541800    173.708219   1.504e-15       24.60
5         4.240     -2.240         *       6.05783717     -72.07884789    186.651670   1.192e-16       24.74

6         6.150     -2.350         *       6.04627200     -72.08893033    282.779107  -7.877e-15       24.24
7         4.520     -2.500         *       6.01606446     -72.07856064    381.158664  -9.371e-15       24.38
8         4.500     -2.900         *       6.03316792     -72.07769528    247.501525   2.583e-15       24.44
9         5.100     -2.800         *       6.02793000     -72.06855742    311.493418   1.775e-16       24.37
10        5.000     -2.100         *       6.03306125     -72.07768931    286.944700   3.777e-15       24.43

11        5.270     -3.590         *       5.99753208     -72.06633078    476.046858   2.219e-15       24.59
12        4.400     -2.400         *       6.01571708     -72.08247861    230.087746   6.461e-15       24.40
13        5.000     -2.000         *       5.97704125     -72.09187667    271.987229   2.842e-15       24.43
14        6.300     -2.800         *       6.03828333     -72.07469186    327.444319   2.343e-15       24.57
15        5.010     -2.580         *       6.01938558     -72.08160194    378.308788  -4.344e-15       24.36

16        5.200     -2.600         *       6.06871208     -72.07365678    247.943237  -2.091e-15       24.27
17        4.800     -3.300         *       6.03160458     -72.08066539    287.318119  -1.225e-14       24.36
18        4.500     -2.500         *       6.01658083     -72.07843139    353.306209   1.505e-14       24.38
19        5.100     -2.600         *       6.03562125     -72.07748111    131.778699  -5.102e-15       24.41
20        4.600     -3.800         *       6.04098583     -72.06658006    230.264772  -5.049e-15       24.34

21        6.100     -2.600         *       6.02524167     -72.08030222    425.107796   1.564e-14       24.37
22        5.800     -3.300         *       6.09327354     -72.02151150    209.576695  -8.065e-16       24.54
23        4.400     -3.400         *       6.00584417     -72.07828786    455.237178   7.289e-15       24.47
24        4.000      1.000         *       6.02517083     -72.08374444    219.565606   2.190e-16       24.45
25       -6.213      0.489     3.080       7.61428258       4.86103090    205.530699  -4.298e-16        4.34

26        7.900     -9.200         *       8.59097592      -5.57686722    532.713430  -1.409e-15       13.77
27       10.370    -11.130     0.930       8.53695958      -7.36483583      1.060500  -4.591e-16       10.92
28       12.390     -5.400     0.110      10.13495792      57.27356472      0.894274  -2.302e-15       92.51
29       10.470    -17.400     0.350      13.93915875      51.29016694      0.472775  -2.132e-15       44.01
30       10.000    -12.000         *      15.29631792     -64.37504750    388.628426  -7.793e-16       11.93

31        9.240      1.770     0.400      15.63746417      65.62039333      0.595534  -2.112e-15       65.85
32       75.100   -152.500     4.200      17.03477923     -14.53060753      1.238291  -1.181e-16        2.38
33      -32.750     35.150     0.470      17.09377042      66.14291639      0.779023  -7.920e-15       30.55
34       -3.316     18.083         *      19.41108846      59.24399732      9.858135  -5.685e-13       49.42
35       17.000     -9.000         *      23.57784333     -29.62140056      7.301316  -4.178e-15       21.81

36      -19.110    -16.600     0.370      24.83225042      58.24217194      3.670390  -1.443e-13       73.81
37       -6.390      3.800     0.470      26.93601417      59.36757889      5.093689  -6.662e-15       40.11
38       10.700     -5.380     0.230      27.84465792      -6.58416306      0.682750  -2.063e-16       25.66
39        0.800    -31.300     0.460      28.04522458     -16.63156694      1.200853  -1.874e-15       11.93
40       10.300     -8.900         *      28.65367804      18.56409944    422.909914  -5.220e-16       19.80

41        1.570     44.800     0.560      29.45809750      62.20740222      0.425216  -3.416e-14       30.21
42       -1.400      0.540         *      31.40801029      64.82814842     15.217011  -4.487e-11      140.70
43        9.000     26.000         *      31.50538750     -40.46767222      1.585914  -3.010e-15       12.90
44        5.350     -3.740     0.160      34.52649404      42.53815976    430.461055  -1.434e-14       61.25
45       48.000     48.000         *      42.07757083      60.35964444      4.606300  -1.169e-12      370.00

46       25.000      7.000         *      43.98455208     -53.07257639      2.233596  -1.561e-16       15.90
47        6.000    -37.000         *      46.13797917      19.54761111      0.720677  -6.727e-16       15.66
48       26.500    -30.770     1.050      50.86109125      39.74788972      0.329807  -6.914e-17       26.19
49       16.970    -10.370     0.590      53.24754000      54.57870250      1.399542  -4.012e-15       26.76
50       -3.660     -0.080     0.410      53.81934000      45.93151444      3.714703  -1.014e-16       47.15

51        4.810     -4.420     0.730      54.43260787      17.25411889    365.953363  -2.366e-15       21.32
52       -0.532     -3.331     0.700      55.09703317      41.51258087    303.090979  -6.474e-16       49.59
53        4.040      3.500         *      57.18182917       4.53651611     25.560636  -1.573e-16       40.46
54       13.880    -10.610     0.280      59.43683458      52.61597028      5.075367  -1.228e-14      103.71
55        9.300      8.300     0.910      59.72384917      54.22049556      6.394511  -1.797e-13       57.14

56       12.400     22.740     0.220      61.62533583      61.64483556      1.681870  -1.576e-14       65.41
57       -0.757    -12.626         *      63.98188898      69.90274737      2.559410  -5.018e-16       27.45
58      121.439    -71.475     6.370      69.31623406     -47.25253075    173.687946  -1.728e-15        2.64
59       11.500      6.000     0.600      73.14210708     -17.98982528      1.821695  -1.909e-14       39.90
60       -5.500     -6.000         *      73.43922367      15.98925175     21.842733  -8.880e-17       30.31

61       53.340    -17.560     0.840      73.53229417      55.72817694      2.934880  -2.043e-14       14.59
62       -8.000      8.000         *      75.51900417      46.90169167      1.566010  -1.369e-14       41.83
63        5.400     -4.300         *      77.34264521       8.94028467    246.558157  -2.682e-16       38.32
64        5.190     -0.560         *      78.52788629     -40.04691472    200.377707  -2.800e-17       52.14
65       31.000     -1.000         *      81.48520125      11.25530000      2.821371  -5.859e-16       79.42

66      -20.000      7.000         *      82.21776667      22.00111111      0.266984  -2.855e-15       50.87
67      -14.700      2.000         *      83.63322083      22.01446111     29.946923  -3.775e-10       56.77
68        3.000     65.000         *      84.12841667     -75.73188889      0.802661  -3.722e-16       18.58
69      -23.570     52.870     0.720      84.60440500      28.28587806      6.985276  -1.790e-13       39.57
70       19.000     12.000         *      85.79583333      23.27780556      4.065310  -2.548e-13       77.70

71       -7.360    -15.240     0.480      90.49573000      -5.46413083      2.525449  -8.305e-15       80.54
72        9.210     16.730         *      92.55664776     -21.00775869    258.978479  -8.283e-16       60.67
73        5.113      4.884         *      93.20286134      37.36037689      3.355904  -6.697e-16       27.15
74        1.858    -10.343     1.250      93.43323260      -2.01311979    326.600567  -1.023e-15       38.78
75       -0.240     -1.250     0.280      93.57085750      22.49912444      2.985431  -5.299e-13       96.91

76        0.580     -1.920     1.100      93.54311583     -33.49836611    317.594455  -1.770e-15       37.05
77        3.230     -0.500         *      95.34214317      10.04409311     34.657407  -5.681e-17       36.47
78        3.560     -4.680     0.320      97.27386375      24.26154056      2.098095  -8.785e-15       84.18
79      -46.300     21.260     3.010      97.70585164     -28.57854967      0.803588  -4.600e-15       34.42
80      138.000     97.000     6.400      98.47563750      17.77025250      4.217640  -1.952e-13        2.89

81        3.549     -2.257     0.900      99.02019669      51.48332412    348.559232  -4.182e-16       11.11
82        1.525     -7.418     0.800     101.49617575      51.97081077    112.949723  -6.279e-17       18.25
83       19.000     -1.000         *     103.31287500      80.86672778      0.823424  -2.576e-15       33.32
84       44.070     -2.400     3.470     104.95081667      14.23872222      2.597884  -3.708e-13       13.94
85       -2.323     -9.727         *     105.15750833      64.30311111      5.110621  -1.790e-17        8.77

86       -0.700     -1.300         *     107.28485579       4.98097058     29.045300  -3.209e-16       44.27
87      -15.570     14.240         *     107.97578798     -68.51317068    182.117235  -4.944e-16       18.41
88      -13.060     13.270     0.500     112.38473708     -18.61173444      1.960168  -7.284e-14       61.29
89       -3.820      2.130     0.870     114.46353508     -30.66130953     44.054069  -3.416e-15       48.92
90       -3.820      2.130     0.870     114.46353508     -30.66130953      0.360560  -1.160e-16       48.92

91      -14.000     13.000         *     114.63442500     -40.71095000      2.667230  -9.782e-15      160.90
92      -10.319    -30.867     0.500     115.19080319      66.34264435    346.531996  -1.464e-15       14.96
93      -29.000      4.000         *     115.70440833     -28.37882222      5.996559  -6.049e-13       73.73
94      -60.000     50.000         *     116.26866667     -53.88598889      4.654659  -4.738e-14      121.38
95       -2.730    -13.400     0.820     117.78814721      18.12735733    287.457854  -6.435e-16       30.25

96       -4.000      7.000         *     118.66953333      32.53227778      0.693313  -5.191e-16       39.99
97      -10.000     12.000         *     119.62112833     -15.46909389      1.465706  -3.478e-15       63.33
98      -19.000     15.000         *     122.43264583     -47.89852778      1.827478  -1.027e-14      228.30
99       24.020    -44.000     2.310     123.74791667      74.48491667      0.773849  -1.007e-16        5.75
100      21.640    -39.440     0.510     125.10992375     -13.84884972      0.807670  -1.373e-15       40.94

101      -4.000      0.150     0.400     125.79068792       1.98679694      1.156239  -1.398e-16       23.73
102      -4.300     -9.200         *     126.10350092       0.46682417    101.406008  -1.510e-15       34.55
103      63.000    -96.750     2.010     126.71461167      26.62258250      1.884444  -6.070e-15       19.48
104     -49.680     29.900     3.500     128.83588121     -45.17635419     11.194650  -1.567e-11       67.97
105       2.000     51.000         *     129.27350833       6.17071111      0.785072  -4.191e-15       12.86

106      11.000    -13.000         *     129.33830958     -41.58737861      1.330450  -6.263e-15      147.29
107      93.000    -15.000         *     131.52516667     -35.56144444      0.895978  -1.288e-15       94.16
108      -1.010      2.020     0.770     135.18313787     -31.74191533     90.011842  -3.960e-16       75.71
109      27.000    -40.000         *     137.15909250     -17.66046389      2.489881  -4.151e-15       15.88
110      18.800     86.400     0.830     140.55842500       6.63980556      2.322195  -7.404e-14       27.30

111      -2.384     -4.323     1.200     142.82965533     -19.04861794    215.608810  -1.687e-16       41.49
112     -12.000     12.000         *     145.72676667     -56.96200278      1.237372  -6.064e-14      159.74
113      23.000      9.000         *     145.87541667      16.52694444      0.919610  -7.703e-17       20.34
114      -1.000    -22.000         *     146.12064958     -13.91156389      1.753573  -1.392e-16       12.50
115     -38.000    -21.000         *     146.53166667       9.86527778      0.910991  -2.899e-15       15.32

116      -2.090     29.460     3.820     148.28879042       7.92659722      3.951551  -3.588e-15        2.97
117       2.980    -26.940     1.330     153.13932598      53.11730077    190.267838  -6.201e-16        9.02
118      -7.310      6.760     3.900     154.46386783     -71.94490163    427.621905  -4.058e-16       94.22
119     -14.910      5.610     1.390     155.74164875      10.03132361     60.779448  -1.601e-16       10.25
120       4.760    -17.340     0.731     155.94869667       0.64467931    592.421459  -2.432e-15       14.32

121     -35.296    -48.227     0.770     156.16111380      -7.32210973    193.715686  -6.963e-16        6.48
122     -12.000      1.000         *     158.86449167     -67.33685889    348.188640  -5.633e-15       84.16
123      -1.000     14.000         *     160.40081667     -19.70378056      0.721309  -4.916e-16       33.78
124      -6.070      5.200     2.200     161.45911233     -45.16503397    133.793150  -3.162e-16       58.14
125     -18.700     -9.400         *     162.18090981      23.66483453    214.354785  -1.382e-15       16.65

126      42.000     -3.000         *     164.49602083     -52.44898056      5.073189  -1.503e-13       29.69
127      22.000    -51.000         *     168.91000000      50.50341389      0.603704  -9.085e-16        9.19
128      -1.000      7.000         *     169.17952500     -41.37887778      1.060268  -8.941e-15       40.53
129     -17.000     18.000         *     170.32954167     -54.73475000      1.866415  -9.698e-15      204.70
130     -10.000      2.400         *     171.43485683     -58.42135550    322.350433  -6.328e-15      124.79

131      28.487     -1.202    11.000     171.49933247      78.33019801    238.004053  -3.940e-16       11.73
132     -73.774    366.580     2.690     174.01299917      15.85393972      0.841812  -2.646e-15        4.84
133      10.000     43.000         *     174.00900000     -55.41858333      2.741880  -6.185e-14       85.50
134       2.900      1.800         *     175.27922500     -65.75530919      2.538723  -2.776e-14      116.08
135     -41.000    -97.000         *     175.70893750       1.32658056    197.032753  -5.819e-16       19.20

136     -14.000      1.000         *     180.61802083     -58.34267778      2.208465  -1.039e-14      145.41
137       6.900      1.400         *     181.84334967     -50.84407778    206.493932  -2.586e-16       50.67
138      20.000      2.000         *     186.09272500     -64.13163056      4.619369  -1.057e-13       97.69
139     -18.730      7.390     0.620     186.99468333     -48.89520583    592.987774  -3.900e-15       43.42
140     -62.030      6.200         *     187.79713833     -14.19545278    271.453020  -1.680e-15        8.09

141    -104.500     49.400     1.160     189.91858917      24.89702500      0.723354  -5.023e-16        9.25
142      24.000     13.000         *     193.36809167     -58.34469167      3.913951  -3.216e-14      100.58
143      -7.150     12.080     0.130     194.26984375     -10.45154194      1.619938  -9.518e-16       29.63
144      45.500    -84.700     1.410     195.01490292      12.68235336    160.809659  -2.957e-15       10.17
145      -7.010     -0.530     0.380     195.69849307     -63.83573016     20.936924  -9.989e-13      146.73

146     -22.350    -11.200         *     198.19434300       0.85002889    236.517386  -9.805e-16       15.35
147       8.000     49.000         *     200.22467083     -53.98472222      3.574778  -1.182e-13       97.10
148     -52.660     32.450     0.920     200.44013125      83.39428667      1.492454  -1.261e-15       13.32
149      27.000     95.000         *     201.98995000      -7.92494444    373.423704  -2.472e-16       27.91
150       3.000     54.000         *     202.02680000     -43.96225556      1.877233  -1.062e-14       42.00

151      -6.000     -7.000         *     204.38284583     -64.38469861    106.118735  -2.780e-16      259.20
152      16.795    -55.150     3.600     210.15418172     -14.52973479    324.229692  -7.604e-16        4.93
153     -44.000     20.000         *     211.33927292     -46.93397500    131.540810  -4.828e-16       13.88
154      -3.000     -4.000         *     212.82860833      25.85233056     16.012068  -2.451e-17       12.37
155     -11.600     -7.900         *     215.33734946     -44.15126472    156.599196  -3.033e-16       54.64

156     -31.000    -21.000         *     217.66972917     -66.38487500      1.273166  -4.502e-15       65.30
157     -12.010     14.510     0.640     217.93590708     -47.25765944    497.029394  -3.486e-15       59.35
158      -4.000     -2.000         *     221.64880796     -47.02410208    455.644016  -2.037e-15       55.83
159       0.458    -10.837         *     223.44049721      19.03670079    172.642910  -3.477e-16       14.06
160     -16.000    -21.300         *     223.38610417     -64.22111111      5.571440  -8.518e-14       71.25

161       7.976     -1.966     0.990     223.94987567     -33.51288498    125.200245  -3.810e-16       13.57
162     -39.500    -12.300     2.200     223.99967917     -68.72763889      3.796840  -1.426e-15        8.64
163      -6.000    -14.000         *     225.57756250     -67.87132194     37.390972  -4.397e-16      151.20
164     -73.640    -62.650     0.470     227.35679083      55.52566500      1.351932  -9.135e-15       19.62
165      -0.300    -30.000         *     228.57964208     -49.77097667    278.603009  -1.447e-15       31.05

166       4.670     -8.240         *     229.63662039       2.07994869    402.588228  -4.225e-15       29.31
167      -0.670     -8.530         *     229.56999618      49.07618089     24.428979  -1.623e-17       11.61
168       1.500     18.930     0.590     233.04318583      27.76378417      0.889019  -6.161e-16       14.69
169     -27.000    -12.000         *     233.53449167     -53.57212778      0.730523  -7.625e-16       24.82
170      -7.300     -2.700         *     234.09675379     -49.81519111    324.684384  -2.234e-15       38.00

171       1.482    -25.285     0.860     234.29150721      11.93206496     26.382133  -1.686e-15       11.62
172      49.000    -36.000         *     234.80858333     -56.44063889      4.108545  -8.183e-14      175.85
173     -16.790     -0.300     0.310     235.87557208      -6.34592556      1.410310  -1.749e-15       18.38
174      -7.610     -2.870     0.130     235.91177083       9.48787194      1.336097  -7.720e-16       34.98
175      -4.300     -4.000         *     235.93395750     -51.83185694    486.154232  -3.819e-15       50.93

176       4.800     -7.900         *     237.72551608     -54.30669836      0.483131  -5.411e-12      830.00
177      -3.000    -13.000         *     238.05529542     -49.63048444    159.126424  -4.811e-16      114.19
178      -3.000     10.000         *     239.25107500     -42.97018333      3.037788  -3.046e-15      144.50
179       1.520     13.150     0.384     239.92302552     -44.64608383      3.890201  -1.542e-14       56.10
180      -0.986     -7.107     0.500     240.21626275     -30.89705476    277.937711  -7.339e-16       52.33

181      -5.000    -13.000         *     240.22089583     -50.73925000      5.191976  -1.365e-13      262.79
182      -2.460     -7.330     1.100     240.89865629     -72.04242496     67.376581  -7.096e-17       38.05
183     -12.000      9.000         *     241.09573333     -49.16610556      3.054195  -9.503e-15      140.80
184     -26.470    -27.500     0.920     241.80024917      -0.54486861      2.370701  -1.720e-15       10.68
185       3.814    -32.484     1.500     243.65211392     -22.50868632    317.378942  -9.694e-16       34.92

186     -15.400     37.500         *     245.74845208      -3.26036889    260.049004  -7.845e-16       21.40
187      -3.000      6.000         *     245.51528375     -66.28804944     42.330829  -1.054e-16       88.02
188     -10.760     23.560     0.600     245.82358292      -9.14687028      0.783425  -1.584e-15       68.18
189     -13.400    -25.000         *     245.90925750     -26.53160250     90.287332  -5.469e-15       62.86
190       2.400    -15.900         *     247.65194554      37.57836028    301.376193  -9.782e-16       14.18

191       2.078    -11.336     0.660     250.06977112      22.40245113    316.123984  -2.815e-16       18.46
192     -11.000     37.000         *     250.33682571      80.83136505    494.760637  -2.190e-15       31.09
193       5.927      3.750     1.270     250.90900773     -12.41629914    216.373337  -8.643e-16       62.41
194      -1.035     20.500     0.260     251.25850250      -3.29939417      2.579382  -1.185e-14       35.76
195     -15.070     -6.550         *     252.61320583     -16.91174500      0.571575  -1.046e-15       43.25

196      15.000    -65.000         *     254.61049917      36.50835972     30.277357  -1.061e-16        3.04
197       0.200      4.900         *     254.66393162     -53.40194528    409.954363  -1.875e-15       30.81
198      -0.730     16.920     0.350     255.96288125     -18.77079028      1.243254  -2.676e-15       49.55
199     -77.000    -52.000         *     256.40041557     -19.11073499      3.344622  -4.629e-14       22.91
200      -5.300     -2.000         *     257.07342563     -35.10628889    221.967751  -5.627e-16      146.73

201      -2.000     47.000         *     257.36017208     -16.68270278      1.531267  -1.480e-14       24.89
202      -3.200     -9.700         *     257.27413333      23.22440278    215.926931  -1.692e-16       25.35
203     -50.400    -44.700         *     257.51850454      49.38652178    310.536979  -1.756e-15        7.08
204       4.915     -3.914     0.870     258.45638344       7.79375171    218.811844  -4.084e-16       15.92
205       1.900    -11.000         *     259.79197054     -14.63359500    172.707045  -2.399e-16       36.86

206      -1.000    -26.000         *     260.23862083      -2.20663889      2.093297  -3.628e-16       66.98
207       1.900    -25.000         *     260.27290792     -24.95171389    285.989344  -4.533e-16       47.76
208      -1.000    -40.000         *     260.51232917     -32.12925000      2.095742  -2.834e-15      126.06
209     -11.713    -23.990     1.077     260.84660667     -28.63254722    538.870683  -2.190e-15       19.69
210       0.600      0.000         *     261.81289554     -29.77688806     36.923282  -3.358e-16       60.74

211      20.264      8.300     1.190     262.59027600     -23.07533056    123.110287  -3.059e-16        9.62
212      -1.700     -6.000         *     262.82337426     -18.79240722    426.519344  -4.622e-15      106.47
213      73.000   -132.000         *     262.92566667     -47.74340556      1.205068  -2.376e-13      123.06
214      -0.410     -9.870         *     263.19902805     -50.81671992    188.233512  -5.030e-16       56.84
215      -3.000     40.000         *     263.36151000     -37.28200833      2.962129  -1.320e-13      153.18

216       0.820     20.630     0.150     263.77072083      -7.41448056      2.384728  -6.908e-15       73.51
217       7.066      5.115     0.680     264.72486681       3.55302314    170.937370  -7.048e-16       33.77
218     -22.000    -20.000         *     265.03060625      13.19908056      1.245252  -2.250e-15       48.67
219       0.410      6.900     0.280     265.34401208      -8.67547528      0.489457  -5.449e-16       74.90
220      -8.976     -7.415     0.930     265.37976974      13.86225441    266.869167  -2.152e-15       24.20

221     -63.000    -89.000         *     265.48849167     -20.89920000      2.417210  -9.923e-14        4.70
222      20.000     -6.000         *     265.32532917     -39.46061111      1.952315  -6.526e-15      158.50
223      18.790     -9.400     2.530     266.12252412     -11.58185591    245.426120  -5.382e-16        3.14
224     -21.200     11.000         *     266.28806167      -9.87768944     51.609431  -2.463e-16       64.47
225       6.000     -5.000         *     266.39098792      10.29792306    377.055470  -3.880e-16       23.97

226       2.450      5.890         *     266.41735917     -29.00830444      0.265694  -1.240e-12     1778.00
227      15.000     47.000         *     266.48465000     -30.67302778      2.721579  -7.905e-14       88.37
228      -1.344     -1.971         *     266.95298545     -40.61521932    607.677539  -4.853e-15      152.96
229      -7.400     -4.300         *     267.88622165     -28.96292222    255.436111  -7.314e-16       42.84
230     -13.000    -59.000         *     267.92581667     -46.95736944      1.347067  -2.355e-15       20.40

231      -4.000     -5.000         *     268.24454000     -28.11036111      1.777596  -2.569e-14       50.37
232      -3.950      1.110     0.160     268.59544500      52.02006778      0.418166  -2.735e-16       35.01
233      -2.420      0.000     1.050     269.19430755     -22.86648611     35.135073  -1.256e-15      121.20
234     -11.400     54.000         *     269.47826083     -27.76115556     56.538013   4.170e-17      334.00
235     -10.890     -3.000         *     270.46280555     -14.29292389    275.854709  -4.033e-16       57.26

236     -11.000     -1.000         *     270.25006667     -24.85763889      8.004854  -8.196e-12      291.55
237      -4.000     -4.000         *     270.35786333     -32.18159250    134.163639  -1.300e-18      177.71
238      -0.850      4.800     1.240     270.52223157     -21.40101361     79.066424  -4.536e-16      149.63
239      11.600     14.800         *     270.96421042     -21.61870861      7.481283  -7.520e-12      233.99
240       2.560    -17.000         *     271.08805453     -27.29203750    107.031649  -4.680e-16       24.67

241      -6.400    -11.000         *     271.00634679     -28.97961333    669.933583   3.399e-16      232.00
242       8.700     12.800         *     271.42666538       6.25516833    469.724725  -5.021e-15       64.88
243      -5.000      1.000         *     271.90844750      -8.79535278      6.107714  -1.074e-15      112.38
244     -19.000     50.000         *     272.42973333     -19.29391667     12.083823  -3.728e-12      197.10
245      -6.600    -11.700         *     272.46286233     -19.73109208      0.180481  -9.212e-14      178.00

246       0.000     17.000         *     272.74579958     -20.08563056     30.467142  -1.368e-16      241.00
247       0.530      0.000     0.200     272.83272521     -24.08845056    375.856020  -1.946e-15       60.60
248      -7.300    -22.000         *     273.41913187     -26.36584861    225.733042  -6.352e-16      122.52
249       5.300     -3.000         *     274.14972650      45.17607272    313.174936  -4.227e-15       38.89
250      19.000    -16.000         *     274.27440417     -36.30127778      2.583850  -1.351e-14       94.30

251      -7.310     15.890     0.350     275.21913917      -4.46047556      1.672012  -1.768e-14       84.44
252       5.000     -2.000         *     275.87905458       5.84008611      1.328186  -4.000e-16       66.78
253       0.310     -8.200         *     275.91869588     -30.36114639    183.823389  -1.140e-13       86.88
254      18.000     27.000         *     275.94495157     -31.11381963      3.520453  -3.628e-14       50.24
255      12.200     10.000         *     276.00233333     -19.76760000      5.281576  -1.460e-13      224.38

256     -13.000     -9.000         *     276.37747500      -9.58922222      1.300355  -8.853e-14       19.38
257      11.070    -27.610         *     276.26233333     -14.78160278      3.581684  -2.908e-13      352.23
258      23.000     -3.900         *     276.55489583     -13.57966667      9.853499  -7.306e-12      231.00
259      22.000   -150.000         *     277.42973848     -17.85108318      3.255919  -5.885e-14      217.11
260      -4.000     20.000         *     278.15422083      -8.45102778      1.544818  -1.525e-13      300.87

261      -7.973    -21.198     0.400     278.11497040      -8.61528262    367.767121  -1.119e-15       28.19
262     -17.340     15.000     0.400     278.42456042      -3.65118278      1.456170  -8.813e-14      234.54
263     -33.491      1.829         *     278.41778333      -8.45877778     11.724958  -1.262e-12      410.95
264      25.000      4.000         *     278.98991000     -10.33458333      3.306336  -6.470e-14      113.70
265      27.000     56.000         *     278.82670833     -11.10447222      6.027087  -7.479e-13      132.68

266      -2.602     11.852         *     279.21579339      -4.61046591      2.822973  -1.324e-14      231.50
267      18.000     12.000         *     279.22469117     -10.13565277      1.777112  -3.726e-14      316.98
268     -31.210    -29.100     0.690     280.18557167      56.68190333      0.605011  -5.472e-16       26.77
269       9.483     -6.788         *     280.27359583      -4.42208333      5.372045  -1.845e-13      325.49
270     -12.000     38.000         *     280.48316578       9.20204287      2.622474  -7.499e-15       49.16

271      -1.910     -3.200     0.690     280.92192465     -11.22529683    541.809745  -2.805e-15       59.96
272      10.500     12.000         *     280.75572917     -14.80350278    182.770888  -2.074e-16      114.51
273      -9.000     45.000         *     281.22872750      14.90392222      2.663376  -1.328e-14       41.49
274      -1.000      8.000         *     281.84517500      -4.03733333      1.672776  -1.446e-13      141.98
275       5.000    -26.000         *     282.09828958      -1.39953611      1.516456  -1.208e-14      159.53

276     -15.690     -3.719         *     282.64780660      13.59955384      2.893670  -1.250e-14       60.14
277      -1.651     -2.888     0.400     283.48882627      13.06223635    244.391378  -5.206e-16       30.57
278      -2.655     -5.408     0.600     284.40162678       9.72144329    186.494081  -6.205e-16       13.31
279     -19.900    -47.300     0.500     285.19825833     -26.01216667      1.633429  -5.457e-16       37.99
280      -7.000    -45.000         *     285.38242083       3.51832500      1.525669  -1.736e-14      402.08

281      -7.540    -18.200     0.520     285.47086958      -9.10309611      0.561190  -5.160e-16       72.68
282      -3.115     -7.436         *     285.70948750       6.27594722      1.484769  -1.700e-14      502.90
283      -4.800     -4.400         *     285.51186754     -51.09915819    573.921045  -3.030e-15       36.25
284       3.000    -13.000         *     285.87494167       1.59403611      1.371165  -7.567e-15      245.17
285      -2.060     -5.210     0.400     285.77413839       3.45533586    465.135238  -4.072e-15      297.52

286      -8.800    -16.000         *     285.91163958     -70.86207250    277.940062  -8.060e-16       19.66
287       8.000     -7.000         *     286.05299167       0.06813611      7.167191  -6.064e-15      233.61
288      -3.800     -7.300         *     286.36780598       4.00302306    264.242346  -3.425e-16       25.69
289      -6.000    -14.000         *     286.69641542       4.90251167    480.012672  -6.870e-16      142.79
290      -5.766     -2.170         *     286.64685351       6.68413853      3.741465  -2.990e-14      472.80

291      11.000     11.000         *     286.89440000      40.03491944      0.809220  -3.541e-16       30.97
292       5.000    -32.000         *     287.39690678       0.13271408      0.983334  -5.336e-15      112.79
293      -6.009      7.273         *     287.45284542      11.03417889      3.525570  -3.282e-14      149.98
294      -9.512    -35.782     0.861     287.44763992     -37.73736546    339.315687  -1.615e-15       10.39
295       0.281     -7.288     1.400     287.54042286      12.94040529    200.658805  -3.898e-16       38.07

296      -3.080     -3.970         *     287.92814842     -59.97413969    306.167446  -2.763e-16       33.70
297      -4.100     -4.600         *     287.77314667     -60.01658333    189.489871  -7.756e-17       33.21
298     -13.750     -9.100         *     287.95534304     -11.23957806    275.805338  -1.061e-15       31.02
299      -2.846     -3.542     0.400     287.98001509      13.79287737    216.171231  -7.911e-16       30.99
300     -11.370     -5.800     0.090     288.18057958      21.07609056      0.447834  -2.041e-15       88.60

301       7.000     -5.000         *     288.47572292      -4.67991111      1.210748  -5.963e-15       89.39
302      -5.280     -8.940     0.190     288.35146958      14.01459972      1.917646  -2.955e-15      145.05
303       6.000    -17.000         *     288.87496250      10.16204722      2.471872  -9.323e-14      241.69
304      -0.720     -0.030     0.240     288.86666425      16.10760744     16.940538  -2.473e-15      168.77
305      -8.786     -2.073         *     289.13476905       9.85721612      3.700217  -3.448e-14       60.95

306      -1.280      3.810     0.170     289.41577667      13.89918806      5.137928  -1.900e-13       94.54
307      -7.149     -5.972     0.900     289.70013634      -6.70969457    130.789516  -4.395e-16       26.46
308      10.110     -4.700     0.170     289.96113125       0.36103389      0.786003  -4.738e-15       90.31
309      -3.200    -11.000         *     290.34729458      19.48952750    377.880186  -5.454e-15       64.76
310      17.000     32.000         *     290.43672917      21.88395833      0.747774  -7.539e-16       12.44

311      -6.965    -14.172     1.200     290.84371922      25.26127552    263.980714  -6.659e-16       18.86
312       5.942    -15.156         *     291.68884545      16.80910566      1.724665  -5.352e-14      176.88
313      94.090     42.990     2.770     293.05857083      10.99260556      4.414646  -2.255e-14        3.18
314      -5.540     10.700         *     293.38511117     -62.19635444    282.212314  -3.083e-16       11.52
315       1.130    -16.090     0.220     293.94927458      16.27777389      2.787546  -4.664e-14      158.52

316      -1.800     -5.000         *     294.35378546      16.97848694    252.674072  -8.429e-16      105.84
317     -10.040    -13.060     0.320     294.25522667      25.73706556      4.975614  -1.592e-14       53.22
318       0.070     -0.401     0.220     294.91067177      21.58309047    641.928225  -4.331e-14       71.02
319      12.000    -10.000         *     295.25169583     -26.03493056      2.482265  -5.891e-15       50.04
320      14.067    -22.733     0.500     296.03887882       9.12305734    192.856521  -6.448e-16       24.36

321       1.000     -9.000         *     296.72101667      18.09478889      2.269537  -1.241e-16       16.14
322      19.000    -33.000         *     296.71555833     -29.22975000      1.042266  -1.617e-15       44.31
323      -7.010      4.510         *     296.60471310      34.28741361    315.443564  -3.103e-16      110.22
324     -12.600      0.700         *     297.10419458      35.66973806      1.394095  -1.372e-14      129.37
325      -2.894     -5.093         *     297.37348942      31.10105723     76.114025  -5.441e-16      164.13

326      -2.120     -3.640         *     297.68776525      24.24915664    232.300152  -1.015e-15      142.08
327      -6.000      0.000         *     298.15350042      26.50779806     48.233774  -9.939e-15      315.34
328     -28.800    -14.700         *     298.24252500      32.87791944     25.296479  -3.740e-12       45.01
329      25.000    -36.000         *     298.59397500      29.38813611      2.343694  -9.396e-18        7.93
330      -1.900     -2.400         *     298.99748012      25.45095639    205.222255  -3.840e-16      209.97

331      -1.124     -4.209         *     298.86614715      29.14539896    163.047913  -7.906e-16      104.52
332     -23.000     54.000         *     298.82818208      50.99869222      1.927013  -5.096e-15       31.98
333      -3.000     10.000         *     298.91152899      67.13753627    116.748695  -1.717e-16       57.15
334     -16.000    -25.800         *     299.90320783      20.80420061    622.122031  -6.522e-15       29.12
335     -10.747     -7.906         *     300.68346020      40.84830733      1.104891  -2.123e-15      131.49

336      -1.496    -11.080         *     301.21785974      31.61944754      0.473650  -1.672e-14      234.82
337      -6.190    -10.590     0.380     301.56818750      -8.11726861      1.721552  -1.364e-16       32.39
338       2.400     -5.600     0.510     302.69133792     -13.39891194    191.450912  -1.769e-16       22.18
339     -10.300     -3.000         *     302.51647583      30.85524778    207.629361  -2.098e-16      133.76
340     -32.100    -25.000         *     303.29319583      38.76203056      4.344169  -1.670e-13      238.22

341       1.280      2.830         *     304.23934788      19.79766339     15.398738  -9.500e-17       33.81
342       2.211      0.152     0.400     304.34460510       6.05154554    345.278136  -9.529e-16       23.92
343      -2.600     -6.200     1.030     304.51597208      28.66505889      1.792264  -4.757e-16       14.20
344      -9.410    -20.600         *     304.88312083      24.42091772    254.160346  -4.537e-16       17.20
345      -4.400    -23.600     0.370     305.65444625      28.90641778      2.912038  -1.606e-14       24.63

346      -5.230     11.500     0.500     305.70780417      51.91395361      1.889656  -1.094e-14       22.55
347       5.887     21.221         *     305.92476143      50.62634931      2.683706  -1.809e-14       32.99
348      -2.991     -0.742     0.693     308.05466250      41.45675278      6.980975  -5.510e-13      114.67
349      -5.907     -9.840         *     308.36463255      17.58290832    168.096678  -3.145e-16       25.08
350       4.200    -14.900     0.400     309.89570042     -56.28590778    377.229363  -2.016e-15       24.57

351      15.100    -14.100         *     310.54584529       2.77066583    220.569096  -6.826e-16        9.27
352      -5.722    -10.831     0.640     310.83700687      17.19136336    420.189443  -9.258e-16       20.76
353      -3.200     -2.680         *     311.25627125      36.55039017     31.563821  -5.863e-16      129.53
354      10.760     -4.260     0.160     311.50072083      -4.35729333      0.646438  -6.149e-16       35.80
355     -10.480      0.660     0.310     311.66390542      15.67598833      0.878514  -1.407e-16       39.82

356     113.160     -4.600     1.050     312.14850265     -16.27904264      0.509795  -2.848e-15       11.46
357       5.630      2.340         *     312.78133237      -8.46048603    221.796284  -6.264e-16       20.73
358      -4.300    -13.960         *     313.19907513      12.33306167    503.713303  -1.701e-15       41.96
359      -1.000      6.900         *     313.45617042      17.31240611      8.384496  -2.014e-17       26.98
360      -2.800     -5.400         *     313.46928350      46.84769947     79.451623  -1.088e-15       98.08

361      -4.268     -2.868         *     313.91313324      22.15756013      1.226721  -2.017e-15       36.35
362       1.040     -2.460     0.170     313.88063375      36.50596361      4.514517  -7.523e-15       97.42
363       5.920      0.790         *     313.79294396      38.49191825    478.631428  -2.290e-16       91.83
364       3.500      1.400         *     317.08534167      44.69690833      2.410390  -5.009e-16      139.83
365     -27.960    -54.460     0.700     318.26812750      27.90032222      0.831358  -1.813e-15       25.11

366       9.500      8.840     0.460     318.35137292      46.73579000      0.985528  -6.941e-16      141.26
367       8.000    -11.000         *     319.05730000      14.23917778      2.271937  -1.493e-15       56.20
368     -14.140    -50.080     2.400     321.18270572     -33.97912500    202.793894  -8.460e-16        4.60
369      -0.540     -4.330         *     322.49269380      12.16700942      9.036305   1.717e-15       67.31
370       1.700     -1.900         *     322.49430000      12.16675278     17.814821  -3.028e-15       67.69

371      -1.300     -3.300         *     322.50501750      12.17728028     32.755423  -5.352e-15       67.13
372       9.250     -9.580         *     322.34486236     -57.35394773    268.359227  -1.502e-15       31.85
373     -57.890   -155.900     6.050     326.05025168     -39.56580140      0.117511  -6.849e-18        3.35
374      -9.490     -9.110     1.630     326.46024500      -7.83847611     62.295888  -1.156e-16        9.00
375      15.810     11.160     0.360     327.49459708      63.49563250      2.630607  -1.163e-15      129.72

376       8.400     -4.500     0.070     327.65729125      52.79709889      3.010183  -9.157e-14      148.93
377      16.130      4.120     0.280     329.25770625      40.29610722      0.655624  -1.475e-15       71.12
378       2.000     -3.000         *     331.18170417      27.01519167     11.806011  -1.820e-17       35.07
379      -5.530    -11.340     0.230     333.09726833      29.55150306      0.995428  -4.906e-16       74.52
380      20.577     -1.263     2.300     333.66188554      30.01060907    320.592292  -1.514e-15       22.55

381     -12.000    -30.000         *     334.95057917      47.91498056      1.857118  -9.537e-15       43.50
382      44.730     -5.680     3.742     335.52487125      -1.62103456     30.471214  -5.387e-17        3.28
383     147.230    126.500     1.200     336.47026125      65.59343639      1.465110  -2.074e-14       36.44
384      -2.016     -5.663     0.800     337.46201887      26.73268012    335.816213  -1.710e-16       22.73
385       0.323      9.995         *     337.42431175      62.09333937      2.257058  -1.149e-14      124.64

386      25.300      9.710     1.030     338.59613788       6.19130176    279.596582  -9.392e-16       10.76
387       6.970    -32.004     1.300     338.69522423       9.74173514    275.707833  -1.527e-15       17.83
388      15.000     10.000         *     338.93208375      15.11362778     16.731541  -4.412e-17       18.09
389      -6.100    -21.000         *     340.17891250      58.54375556      7.146200  -7.843e-13      263.50
390      17.100     -3.320         *     340.42507708     -52.61006278    457.310150  -1.388e-15       11.41

391     -10.500    -17.490     0.250     342.11202458      -1.03002361      2.095412  -2.895e-15       29.05
392       3.200     -8.500     0.480     344.23497058     -10.40955139    435.818755  -2.156e-15       13.78
393      17.689     -2.024         *     344.49060088      59.15412063      2.715573  -4.242e-14      151.08
394      -0.050     -5.907     1.200     345.69574318      44.70613461    192.591964  -5.110e-16       13.73
395      -3.700    -15.630     0.230     346.49300500      31.00035583      0.634564  -1.165e-15       49.58

396     -15.000      0.000         *     347.05759167      55.79334167      2.104963  -8.839e-16       46.54
397      24.150      5.950     0.930     348.28592042      42.88695639      2.861773  -9.203e-16       17.28
398      -1.300      3.600     1.200     349.28848500      14.65868472    290.254608  -2.047e-16       21.88
399       8.490      0.190     0.510     349.49100792      21.83000528      0.692208  -5.017e-16       20.87
400     -17.000     -7.000         *     350.48005806      60.40853163      0.443166  -1.382e-15       94.59

401     -18.400    -15.400         *     350.59306317      20.95074367    207.968163  -4.178e-16       13.36
402      -2.400     -8.300     4.400     350.64433350     -26.84953253    288.758695  -4.864e-17        6.15
403      -5.920     -2.050         *     351.30549833      63.28121167      0.696229  -1.370e-15      197.37
404     -16.948     -8.531         *     351.74457184      61.22679664      4.279870  -6.458e-15      122.61
405      74.700      5.000         *     352.61202083     -20.09156389      0.608412  -1.714e-15        8.46

406      -1.000    -15.000         *     354.27400833      61.85042500      2.018694  -7.883e-13       58.41
407       4.150    -10.310     0.750     354.91141667      -5.55147778    346.713379  -1.695e-15        8.72
408      37.380    -20.210     0.270     356.71040750      -6.16663861      0.846408  -9.765e-16       22.50
409      22.760      4.897     0.410     358.51992917      61.92967917      1.058443  -1.822e-14       94.66
